[]57665
12687
16109
24625
2465
23028
37141
63925
18789
4444
6854
45138
52996
3365
3947
10835
43625
6737
22650
6747
34908
12761
40482
4865
11421
10367
50626
37484
15685
33860
30326
62989
5156
52884
46576
19988
36548
427
62527
47022
51485
5612
21204
56083
29442
57630
48543
59659
63991
23024
41814
24808
6687
22073
2007
36524
60926
13866
3938
65275
14239
55904
28510
44593
9025
15064
53233
61269
1359
63857
46260
35203
49253
8142
2343
21560
21961
42719
45705
20434
14340
31231
17381
23822
62941
61582
3380
63239
47279
35839
39756
48501
28044
32017
28313
57990
43445
42561
14851
18283
60000
41735
40172
63093
33331
45060
45626
55254
48707
4025
24052
47311
48427
56849
21202
43768
26417
58182
58312
11257
35475
20691
56082
40057
34133
57575
29468
8372
8857
20328
54730
52521
32376
53801
3737
55181
19874
6565
29671
42650
52942
33837
13788
60465
51362
55104
62912
15153
12426
54839
12821
44868
43751
65165
37286
36702
54468
10535
64866
17817
55165
43400
19849
28417
57753
8107
36181
7674
53671
46098
28847
4164
19093
1850
11348
37072
304
10916
2513
60261
57793
29236
39096
51041
37000
34003
34087
56627
12539
33697
54227
23152
37855
25456
29990
57416
17502
11652
58955
29304
5581
3621
32768
26418
4075
10931
25205
38352
64298
47300
56116
43040
33721
52637
6294
47974
27936
44223
56746
63682
45907
54653
17458
43759
40360
53114
63545
44916
44562
23524
29923
11697
18417
41571
54150
56539
51107
38030
38981
5443
17260
50692
27051
38802
6385
35317
54784
42983
56683
15758
45315
33168
62258
14612
25091
37995
29349
11382
54546
42335
55250
28483
1128
10653
61179
35886
2417
51027
18798
38199
55714
12233
28497
25630
47639
52561
29477
8817
47335
27866
15979
25174
15245
60897
13544
52411
49656
36346
51968
20384
9415
60812
40094
42871
52917
60389
660
48634
11197
53198
13617
20194
59434
24887
45489
31887
46341
1821
56802
60298
27132
13428
10145
53427
17915
23994
3463
21144
12887
59797
24764
12178
45115
34661
32378
51138
6109
43333
26598
14460
7296
35362
16736
60894
57898
52785
29912
64520
4657
62108
7718
17294
11488
4881
35404
12414
14361
5857
64446
8567
61547
52792
64557
53300
53800
32897
49282
36835
59098
41455
21330
49883
61236
62792
48731
29155
42625
2774
31104
40678
53527
31780
18167
29750
5963
16401
62880
17533
22686
10723
30128
59029
56038
60168
17778
4017
9771
30690
38409
9776
23342
22251
3886
41959
44797
25822
52932
34924
30096
55895
64206
56990
48759
42614
58106
50484
9529
26557
32768
21522
47601
49168
60373
47224
8528
25457
56050
54374
33999
59961
59058
62110
8086
6269
42872
56389
4598
21417
54489
63487
20257
26532
22343
32817
34532
27523
62227
16328
43536
38441
54584
22004
21491
37507
16587
64192
61552
29769
11474
7126
52368
50986
10120
27353
31152
28032
64152
24997
39292
40729
38099
7303
36179
30468
48848
17312
54861
9776
16891
41806
40655
15124
59831
23512
51916
2593
13881
37623
39862
20981
40305
27290
63470
53130
51479
20308
30370
54222
44821
56050
40820
43977
35897
62627
15488
4288
26017
13403
1155
1300
36060
2774
19762
50891
53962
48939
25269
34970
20129
61027
50084
49030
26339
7510
114
15523
47756
55646
46283
22946
36431
23941
53401
62207
65090
16374
45100
9404
48198
6836
52935
1596
233
50095
55265
24589
17366
36545
41149
23149
42047
22747
63800
57057
50537
6824
3768
12405
33224
23085
19047
36853
50237
43865
37830
31027
13606
11901
54508
42785
11413
36434
40533
64495
36345
54527
8088
13031
12432
48516
6296
53738
13538
9366
24153
47577
59116
26140
30587
28412
26751
51962
18748
21989
33826
29238
56890
44429
30847
8414
48977
42491
56232
10658
56298
6762
36386
47185
34130
55456
5177
37419
59241
2867
8900
8957
49980
1114
8054
5148
1437
57452
15951
52744
24387
64789
37451
3053
62699
12907
14496
63931
63441
55259
61657
24138
53327
36522
16977
49961
2417
22672
24023
55273
23433
55615
27240
61055
49362
38789
58030
7909
4403
23671
12251
41152
5202
18191
12999
16257
39625
3805
61168
32774
946
9082
57786
27288
37350
40488
41958
49559
18409
16906
33135
20513
18770
23515
36208
34148
20530
9683
593
40055
58254
16014
13030
32444
9414
48036
64799
33630
11275
51499
13124
21069
43764
41051
17168
61434
32562
53147
2894
16836
53611
24378
11841
58645
36073
48811
45689
46489
24319
43063
45483
54661
59460
17186
34668
62939
31023
55381
5398
16523
9848
59992
34358
60180
31546
36971
40653
43625
50783
40128
11161
4236
24975
33032
10750
7578
14604
41263
47603
55689
57559
1092
52753
48493
11067
11752
52666
43862
15094
39084
18525
38617
40627
27298
20613
13856
1974
53928
53001
51423
31184
11540
58137
26375
29178
58364
20743
20939
62163
42947
51200
26092
56761
27464
60510
19234
41908
47385
12685
4558
34314
55203
37199
8727
8833
34564
38762
14031
26128
20155
24063
26313
45477
39325
24827
18723
43664
44572
15265
8377
64133
46498
49991
51350
64882
62068
43881
13095
52306
19894
10792
36960
14218
2565
32430
16452
34840
32695
58867
16228
26707
55715
27394
42615
14921
14759
8159
38193
44692
1488
2101
42782
24920
20455
18644
6224
4101
58361
52099
33400
2089
1224
20334
39606
22892
53715
88
22722
10853
49080
60254
14686
5078
4943
38012
60563
20473
30857
13682
17528
50908
16838
51847
63245
60482
43406
38126
5540
4887
18736
35563
39555
21698
29090
50174
14873
43819
60063
6403
42117
4696
60742
20083
32455
54564
48456
26341
48265
59214
46179
30476
23753
59635
45521
8175
20649
9151
55417
57588
64688
13397
11703
51024
3606
51497
46374
46156
34693
51056
61172
62713
63303
36141
25444
13790
50312
61673
2634
53437
46597
714
42472
62276
4879
39751
32972
26774
39890
4254
45936
46644
43003
20706
7060
25669
57171
25079
23044
27324
38584
26297
30391
58832
2491
44982
37984
1415
38330
45530
26349
7049
13148
38238
53526
16526
40673
13906
12157
9644
41687
9673
55588
46537
33860
29122
20568
30396
40608
39514
31229
30906
21063
16135
3718
49954
50365
18087
54606
53487
57334
54177
15173
59848
2307
29174
32513
8406
16148
710
10357
64679
36398
55054
24623
21871
54614
50495
11073
46466
60059
21023
44067
29908
51374
132
34847
